<!DOCTYPE html>
<html>

<head data-gwd-animation-mode="proMode">
  <title>example</title>
  <meta http-equiv="Content-Type" content="text/html; charset=utf-8">
  <meta name="generator" content="Google Web Designer 1.2.1.0121">
  <style type="text/css">
    html, body {
      width: 100%;
      height: 100%;
      margin: 0px;
    }
    body {
      -webkit-transform: perspective(1400px) matrix3d(1, 0, 0, 0, 0, 1, 0, 0, 0, 0, 1, 0, 0, 0, 0, 1);
      -webkit-transform-style: preserve-3d;
      background-color: transparent;
    }
    [data-gwd-group="Group1"] .gwd-grp-3iic.gwd-img-hc82 {
      position: absolute;
    }
    [data-gwd-group="Group1"] .gwd-grp-3iic.gwd-img-y29c {
      top: -0.0625139741999874px;
    }
    [data-gwd-group="Group1"] .gwd-grp-3iic.gwd-img-xyut {
      width: 177px;
      height: 118.3259668508px;
      -webkit-transform-origin: 88.5px 59px 0px;
      left: -0.5px;
      -webkit-transform-style: preserve-3d;
      -webkit-transform: matrix3d(1, 0, 0, 0, 0, 1, 0, 0, 0, 0, 1, 0, 0, 0, 0, 1);
    }
    .gwd-div-0huz {
      position: absolute;
      left: 324.5px;
      top: 79px;
      color: rgb(0, 0, 0);
      -webkit-transform-style: preserve-3d;
    }
    @-webkit-keyframes gwd-gen-orddgwdanimation_gwd-keyframes {
      0% {
        -webkit-transform: matrix3d(1, 0, 0, 0, 0, 1, 0, 0, 0, 0, 1, 0, 0, 0, 0, 1);
        -webkit-animation-timing-function: linear;
      }
      50% {
        -webkit-transform: matrix3d(0.9934828608, 0.1139816005, 0, 0, -0.1139816005, 0.9934828608, 0, 0, 0, 0, 1, 0, 0, 0, 0, 1);
        -webkit-animation-timing-function: linear;
      }
      100% {
        -webkit-transform: matrix3d(0.9910354504, -0.1337422375, 0, 0, 0.1337422375, 0.9910354504, 0, 0, 0, 0, 1, 0, 0, 0, 0, 1);
        -webkit-animation-timing-function: linear;
      }
    }
    [data-gwd-group="Group1"] .gwd-gen-orddgwdanimation {
      -webkit-animation: gwd-gen-orddgwdanimation_gwd-keyframes 0.2s linear 0s infinite normal forwards;
    }
    .gwd-img-f0o9 {
      position: absolute;
    }
    .gwd-img-33he {
      top: 47.90243268735px;
    }
    .gwd-img-dgug {
      width: 538.0985915493px;
      height: 283.1432535554px;
      -webkit-transform-origin: 269.0492957747px 141.5013433832px 0px;
      -webkit-transform: matrix3d(1, 0, 0, 0, 0, 1, 0, 0, 0, 0, 1, 0, 0, 0, 0, 1);
      left: 97.0480383433002px;
      -webkit-transform-style: preserve-3d;
    }
    .gwd-div-36tb {
      position: absolute;
      width: 538px;
      height: 29px;
      left: 97px;
      top: 302px;
      font-family: 'Times New Roman';
      text-align: left;
      background-image: none;
      background-color: rgb(128, 204, 0);
    }
    .gwd-div-etmr {
      text-align: center;
    }
    body .gwd-gen-s7jzgwdanimation {
      -webkit-animation: gwd-gen-s7jzgwdanimation_gwd-keyframes 3s linear 0s 1 normal forwards;
    }
    @-webkit-keyframes gwd-gen-s7jzgwdanimation_gwd-keyframes {
      0% {
        -webkit-transform: matrix3d(1, 0, 0, 0, 0, 1, 0, 0, 0, 0, 1, 0, 0, 0, 0, 1);
        -webkit-animation-timing-function: linear;
      }
      60% {
        -webkit-transform: matrix3d(1, 0, 0, 0, 0, 1, 0, 0, 0, 0, 1, 0, 0, 0, 0, 1);
        -webkit-animation-timing-function: linear;
      }
      86.67% {
        -webkit-transform: matrix3d(0.8762769611, 0, 0.4818077287, 0, 0, 1, 0, 0, -0.4818077287, 0, 0.8762769611, 0, 0, 0, 0, 1);
        -webkit-animation-timing-function: linear;
      }
      100% {
        -webkit-transform: matrix3d(0.9989057286, 0, -0.0471197983, 0, 0, 1, 0, 0, 0.0471197983, 0, 0.9989057286, 0, 0, 0, 0, 1);
        -webkit-animation-timing-function: linear;
      }
    }
    body .gwd-gen-sh1pgwdanimation {
      -webkit-animation: gwd-gen-sh1pgwdanimation_gwd-keyframes 3s linear 0s 1 normal forwards;
    }
    @-webkit-keyframes gwd-gen-sh1pgwdanimation_gwd-keyframes {
      0% {
        left: 324.5px;
        top: 79px;
        color: rgb(0, 0, 0);
        -webkit-transform: matrix3d(1, 0, 0, 0, 0, 1, 0, 0, 0, 0, 1, 0, 0, 0, 0, 1);
        -webkit-animation-timing-function: ease-out;
      }
      20% {
        color: rgb(0, 0, 0);
        -webkit-transform: matrix3d(1, 0, 0, 0, 0, 1, 0, 0, 0, 0, 1, 0, 0, 0, 0, 1);
        -webkit-animation-timing-function: linear;
      }
      36.67% {
        left: 224.065499999999px;
        top: 182.453px;
        color: rgb(0, 0, 0);
        -webkit-transform: matrix3d(1, 0, 0, 0, 0, 1, 0, 0, 0, 0, 1, 0, 0, 0, 0, 1);
        -webkit-animation-timing-function: linear;
      }
      43.33% {
        left: 133.065499999999px;
        top: 171.453px;
        color: rgb(0, 0, 0);
        -webkit-transform: matrix3d(1, 0, 0, 0, 0, 1, 0, 0, 0, 0, 1, 0, 0, 0, 0, 1);
        -webkit-animation-timing-function: linear;
      }
      50% {
        left: 433.565499999998px;
        top: 166.453px;
        color: rgb(0, 0, 0);
        -webkit-transform: matrix3d(1, 0, 0, 0, 0, 1, 0, 0, 0, 0, 1, 0, 0, 0, 0, 1);
        -webkit-animation-timing-function: linear;
      }
      56.67% {
        left: 243.5655px;
        top: 80.4530000000003px;
        color: rgb(0, 0, 0);
        -webkit-transform: matrix3d(1, 0, 0, 0, 0, 1, 0, 0, 0, 0, 1, 0, 0, 0, 0, 1);
        -webkit-animation-timing-function: linear;
      }
      70% {
        left: 243.5655px;
        top: 80.4530000000003px;
        color: rgb(0, 0, 0);
        -webkit-transform: matrix3d(0.8176631239, 0, 0.5756969826, 0, 0, 1, 0, 0, -0.5756969826, 0, 0.8176631239, 0, 0, 0, 0, 1);
        -webkit-animation-timing-function: linear;
      }
      86.67% {
        left: 243.5655px;
        top: 80.4530000000003px;
        color: rgb(0, 0, 0);
        -webkit-transform: matrix3d(0.789137317, 0, 0.6142687318, 0, 0.0107204676, 0.9998476952, -0.0137723452, 0, -0.6141751757, 0.0174524064, 0.7890171276, 0, 0, 0, 0, 1);
        -webkit-animation-timing-function: linear;
      }
      100% {
        left: 243.5655px;
        top: 80.4530000000003px;
        color: rgb(0, 0, 0);
        -webkit-transform: matrix3d(0.9998380682, -0.0105317629, 0.0157697406, 0, 0.0099377942, 0.999319165, 0.0341853073, 0, -0.0161250621, -0.0340085066, 0.99932908, 0, 0, 0, 0, 1);
        -webkit-animation-timing-function: linear;
      }
    }
  </style>
  <script type="text/javascript" src="groups_runtime.min.1.0.js" gwd-groups-version="1.0"></script>
</head>

<body>
  <template id="gwd-group-definitions">
    <div data-gwd-group-def="Group1" data-gwd-group-class="gwd-grp-3iic" style="display: none;">
      <img src="assets/penguin.png" class="gwd-img-hc82 gwd-img-y29c gwd-img-xyut gwd-grp-3iic gwd-gen-orddgwdanimation">
    </div>
  </template>
  <img src="assets/2421313.jpg" class="gwd-img-f0o9 gwd-img-33he gwd-img-dgug gwd-gen-s7jzgwdanimation" id="background">
  <div class="gwd-div-0huz gwd-gen-sh1pgwdanimation" data-gwd-group="Group1"></div>
  <div class="gwd-div-36tb">
    <div class="gwd-div-etmr">會瞬間移動的小企鵝</div>
  </div>
</body>

</html>